{
 "cells": [
  {
   "cell_type": "markdown",
   "id": "65a6efe5",
   "metadata": {},
   "source": [
    "# Formative Assignment: Advanced Linear Algebra (PCA)\n",
    "\n",
    "This notebook implements **Principal Component Analysis (PCA) from scratch** on an Africanized dataset.\n",
    "\n",
    "**Dataset:** African socio-economic indicators (30 countries, 10 columns). Themes: *economic activity* (GDP per capita, agriculture share of GDP) and *population pressure* (population density, urbanisation).\n",
    "\n",
    "It satisfies the brief: **7+ columns**, **missing/NaN values**, and **at least one non-numeric column** (`Country`).\n",
    "\n",
    "> **Library note:** All code uses **numpy only** (PCA math) and **matplotlib** (visualisation) — no `sklearn`, no `pandas`.\n"
   ]
  },
  {
   "cell_type": "code",
   "execution_count": 1,
   "id": "a97a1a48",
   "metadata": {
    "execution": {
     "iopub.execute_input": "2026-06-12T09:19:50.948314Z",
     "iopub.status.busy": "2026-06-12T09:19:50.947995Z",
     "iopub.status.idle": "2026-06-12T09:20:04.558562Z",
     "shell.execute_reply": "2026-06-12T09:20:04.557915Z"
    }
   },
   "outputs": [
    {
     "name": "stderr",
     "output_type": "stream",
     "text": [
      "Matplotlib is building the font cache; this may take a moment.\n"
     ]
    },
    {
     "name": "stdout",
     "output_type": "stream",
     "text": [
      "Raw shape: (30, 9)\n",
      "Missing values per column:\n",
      "  GDP_per_capita_USD: 1\n",
      "  Pop_density_km2: 1\n",
      "  Agric_pct_GDP: 0\n",
      "  Mobile_per_100: 2\n",
      "  Internet_users_pct: 1\n",
      "  Urban_pop_pct: 0\n",
      "  Life_expectancy: 2\n",
      "  Electricity_access_pct: 2\n",
      "  Literacy_rate_pct: 2\n",
      "\n",
      "First 5 rows (raw numeric):\n",
      "[[2.16e+03 2.26e+02 2.34e+01 9.10e+01 5.50e+01 5.30e+01 5.30e+01 6.00e+01\n",
      "  6.20e+01]\n",
      " [3.69e+03 1.03e+02 1.13e+01 9.50e+01 7.20e+01 4.30e+01 7.00e+01 1.00e+02\n",
      "  7.10e+01]\n",
      " [6.77e+03 4.90e+01 2.50e+00 1.68e+02 7.20e+01 6.80e+01      nan 8.50e+01\n",
      "  9.50e+01]\n",
      " [2.08e+03 9.40e+01 2.12e+01 1.22e+02 4.20e+01 2.80e+01 6.20e+01 7.10e+01\n",
      "  8.20e+01]\n",
      " [9.25e+02 1.15e+02 3.76e+01 5.60e+01 1.70e+01 2.20e+01 6.50e+01 5.10e+01\n",
      "  5.20e+01]]\n"
     ]
    }
   ],
   "source": [
    "# --- Imports ---\n",
    "import numpy as np\n",
    "import matplotlib.pyplot as plt  # visualisation only\n",
    "\n",
    "np.random.seed(42)\n",
    "\n",
    "# Read column names from the header row\n",
    "with open('african_socioeconomic.csv') as f:\n",
    "    header = f.readline().strip().split(',')\n",
    "feature_names = header[1:]   # drop 'Country'\n",
    "\n",
    "# Load all rows as strings (preserves Country names and empty fields)\n",
    "raw = np.genfromtxt('african_socioeconomic.csv', delimiter=',', dtype=str, skip_header=1)\n",
    "labels = raw[:, 0]           # non-numeric Country column\n",
    "\n",
    "# Convert numeric columns: empty string -> NaN\n",
    "numeric_str = raw[:, 1:]\n",
    "data_raw = np.where(numeric_str == '', 'nan', numeric_str).astype(float)\n",
    "\n",
    "print('Raw shape:', data_raw.shape)\n",
    "print('Missing values per column:')\n",
    "for name, count in zip(feature_names, np.sum(np.isnan(data_raw), axis=0)):\n",
    "    print(f'  {name}: {int(count)}')\n",
    "print('\\nFirst 5 rows (raw numeric):')\n",
    "print(data_raw[:5])\n"
   ]
  },
  {
   "cell_type": "markdown",
   "id": "af7be890",
   "metadata": {},
   "source": [
    "### Step 0: Inspect, separate the non-numeric column, and handle missing values\n",
    "\n",
    "The brief requires a non-numeric column and NaN values. PCA operates only on numeric features, so we:\n",
    "1. keep `Country` aside as **labels** (already extracted above),\n",
    "2. impute missing numeric values with the **column mean** using `np.nanmean` — a simple, leakage-free choice for this small dataset.\n"
   ]
  },
  {
   "cell_type": "code",
   "execution_count": 2,
   "id": "4c248e74",
   "metadata": {
    "execution": {
     "iopub.execute_input": "2026-06-12T09:20:04.564798Z",
     "iopub.status.busy": "2026-06-12T09:20:04.564433Z",
     "iopub.status.idle": "2026-06-12T09:20:04.569395Z",
     "shell.execute_reply": "2026-06-12T09:20:04.568885Z"
    }
   },
   "outputs": [
    {
     "name": "stdout",
     "output_type": "stream",
     "text": [
      "Clean numeric matrix shape: (30, 9)\n",
      "Remaining NaN: 0\n",
      "Features: ['GDP_per_capita_USD', 'Pop_density_km2', 'Agric_pct_GDP', 'Mobile_per_100', 'Internet_users_pct', 'Urban_pop_pct', 'Life_expectancy', 'Electricity_access_pct', 'Literacy_rate_pct']\n",
      "\n",
      "First 5 rows:\n",
      "[[2.16e+03 2.26e+02 2.34e+01 9.10e+01 5.50e+01 5.30e+01 5.30e+01 6.00e+01\n",
      "  6.20e+01]\n",
      " [3.69e+03 1.03e+02 1.13e+01 9.50e+01 7.20e+01 4.30e+01 7.00e+01 1.00e+02\n",
      "  7.10e+01]\n",
      " [6.77e+03 4.90e+01 2.50e+00 1.68e+02 7.20e+01 6.80e+01 6.45e+01 8.50e+01\n",
      "  9.50e+01]\n",
      " [2.08e+03 9.40e+01 2.12e+01 1.22e+02 4.20e+01 2.80e+01 6.20e+01 7.10e+01\n",
      "  8.20e+01]\n",
      " [9.25e+02 1.15e+02 3.76e+01 5.60e+01 1.70e+01 2.20e+01 6.50e+01 5.10e+01\n",
      "  5.20e+01]]\n"
     ]
    }
   ],
   "source": [
    "# Step 0: Impute NaN with column means (numpy only)\n",
    "col_means = np.nanmean(data_raw, axis=0)          # mean per column, ignoring NaN\n",
    "nan_mask  = np.isnan(data_raw)\n",
    "data = data_raw.copy()\n",
    "data[nan_mask] = np.take(col_means, np.where(nan_mask)[1])\n",
    "\n",
    "print('Clean numeric matrix shape:', data.shape)\n",
    "print('Remaining NaN:', int(np.isnan(data).sum()))\n",
    "print('Features:', feature_names)\n",
    "print('\\nFirst 5 rows:')\n",
    "print(data[:5])\n"
   ]
  },
  {
   "cell_type": "markdown",
   "id": "9ecac922",
   "metadata": {},
   "source": [
    "### Step 1: Load and Standardize the Data\n",
    "Before applying PCA we standardize so every feature has mean 0 and standard deviation 1. This implements the z-score formula  $z = \\dfrac{x - \\mu}{\\sigma}$  (per the assignment image), using numpy only."
   ]
  },
  {
   "cell_type": "code",
   "execution_count": 3,
   "id": "040eec07",
   "metadata": {
    "execution": {
     "iopub.execute_input": "2026-06-12T09:20:04.570995Z",
     "iopub.status.busy": "2026-06-12T09:20:04.570788Z",
     "iopub.status.idle": "2026-06-12T09:20:04.578667Z",
     "shell.execute_reply": "2026-06-12T09:20:04.577852Z"
    }
   },
   "outputs": [
    {
     "name": "stdout",
     "output_type": "stream",
     "text": [
      "Means after standardization (~0): [-0. -0.  0. -0.  0.  0. -0.  0.  0.]\n",
      "Stds  after standardization (~1): [1. 1. 1. 1. 1. 1. 1. 1. 1.]\n"
     ]
    },
    {
     "data": {
      "text/plain": [
       "array([[-0.22291479,  0.82006032,  0.35450519, -0.23806452,  0.52271175,\n",
       "         0.34710696, -2.1078162 ,  0.12165176, -0.4183409 ],\n",
       "       [ 0.38728505, -0.07530398, -0.61890921, -0.12213745,  1.32301267,\n",
       "        -0.19808722,  1.00808601,  1.78323677,  0.11409297],\n",
       "       [ 1.61566119, -0.46839074, -1.32684696,  1.99353162,  1.32301267,\n",
       "         1.16489822,  0.        ,  1.16014239,  1.53391662],\n",
       "       [-0.25482066, -0.14081844,  0.17752075,  0.66037029, -0.08928306,\n",
       "        -1.01587848, -0.45822091,  0.57858764,  0.76484548],\n",
       "       [-0.71546171,  0.01204864,  1.49685928, -1.25242641, -1.26619617,\n",
       "        -1.34299499,  0.09164418, -0.25220487, -1.00993409]])"
      ]
     },
     "execution_count": 3,
     "metadata": {},
     "output_type": "execute_result"
    }
   ],
   "source": [
    "# Step 1: Standardize the data (numpy only) -> z = (x - mean) / std\n",
    "mean = np.mean(data, axis=0)\n",
    "std  = np.std(data, axis=0)            # population std (ddof=0)\n",
    "standardized_data = (data - mean) / std\n",
    "\n",
    "print('Means after standardization (~0):', np.round(standardized_data.mean(axis=0), 6))\n",
    "print('Stds  after standardization (~1):', np.round(standardized_data.std(axis=0), 6))\n",
    "standardized_data[:5]  # first few rows of standardized data"
   ]
  },
  {
   "cell_type": "markdown",
   "id": "e0d829ad",
   "metadata": {},
   "source": [
    "### Step 2: Calculate the Covariance Matrix\n",
    "The covariance matrix shows how every pair of features varies together. It is the core object PCA decomposes."
   ]
  },
  {
   "cell_type": "code",
   "execution_count": 4,
   "id": "9fbfd60f",
   "metadata": {
    "execution": {
     "iopub.execute_input": "2026-06-12T09:20:04.580717Z",
     "iopub.status.busy": "2026-06-12T09:20:04.580549Z",
     "iopub.status.idle": "2026-06-12T09:20:04.585568Z",
     "shell.execute_reply": "2026-06-12T09:20:04.585093Z"
    }
   },
   "outputs": [
    {
     "name": "stdout",
     "output_type": "stream",
     "text": [
      "Covariance matrix shape: (9, 9)\n"
     ]
    },
    {
     "data": {
      "text/plain": [
       "array([[ 1.034,  0.268, -0.68 ,  0.653,  0.739,  0.589,  0.539,  0.733,\n",
       "         0.64 ],\n",
       "       [ 0.268,  1.034, -0.013,  0.077,  0.003, -0.391,  0.184,  0.147,\n",
       "         0.126],\n",
       "       [-0.68 , -0.013,  1.034, -0.452, -0.636, -0.55 , -0.446, -0.584,\n",
       "        -0.758],\n",
       "       [ 0.653,  0.077, -0.452,  1.034,  0.696,  0.549,  0.288,  0.74 ,\n",
       "         0.269],\n",
       "       [ 0.739,  0.003, -0.636,  0.696,  1.034,  0.766,  0.639,  0.84 ,\n",
       "         0.509],\n",
       "       [ 0.589, -0.391, -0.55 ,  0.549,  0.766,  1.034,  0.314,  0.574,\n",
       "         0.375],\n",
       "       [ 0.539,  0.184, -0.446,  0.288,  0.639,  0.314,  1.034,  0.435,\n",
       "         0.5  ],\n",
       "       [ 0.733,  0.147, -0.584,  0.74 ,  0.84 ,  0.574,  0.435,  1.034,\n",
       "         0.482],\n",
       "       [ 0.64 ,  0.126, -0.758,  0.269,  0.509,  0.375,  0.5  ,  0.482,\n",
       "         1.034]])"
      ]
     },
     "execution_count": 4,
     "metadata": {},
     "output_type": "execute_result"
    }
   ],
   "source": [
    "# Step 2: Covariance matrix (numpy only). rowvar=False -> columns are variables.\n",
    "cov_matrix = np.cov(standardized_data, rowvar=False)\n",
    "print('Covariance matrix shape:', cov_matrix.shape)\n",
    "np.round(cov_matrix, 3)"
   ]
  },
  {
   "cell_type": "markdown",
   "id": "13edc7a2",
   "metadata": {},
   "source": [
    "**Why compute a covariance matrix? (max 5 lines)**\n",
    "\n",
    "The covariance matrix measures how every pair of features varies together, summarising the linear relationships and redundancy in the data in one symmetric matrix. PCA needs it for two reasons: (1) its **eigenvectors** give the orthogonal directions of maximum variance — the principal components; and (2) its **eigenvalues** quantify how much variance each direction carries, which lets us rank components and decide how many to keep."
   ]
  },
  {
   "cell_type": "markdown",
   "id": "bfd539ab",
   "metadata": {},
   "source": [
    "### Step 3: Perform Eigendecomposition\n",
    "Eigendecomposition of the covariance matrix yields the eigenvalues and eigenvectors used by PCA. Because the covariance matrix is symmetric we use `np.linalg.eigh`, which returns real values and is numerically stable for symmetric matrices."
   ]
  },
  {
   "cell_type": "code",
   "execution_count": 5,
   "id": "3d8d4e15",
   "metadata": {
    "execution": {
     "iopub.execute_input": "2026-06-12T09:20:04.587220Z",
     "iopub.status.busy": "2026-06-12T09:20:04.587048Z",
     "iopub.status.idle": "2026-06-12T09:20:04.597583Z",
     "shell.execute_reply": "2026-06-12T09:20:04.597104Z"
    }
   },
   "outputs": [
    {
     "name": "stdout",
     "output_type": "stream",
     "text": [
      "Eigenvalues:\n",
      " [0.0905 0.1771 0.2466 0.2907 0.3223 0.6766 0.9996 1.4123 5.0948]\n",
      "\n",
      "Eigenvectors (columns) shape: (9, 9)\n"
     ]
    },
    {
     "data": {
      "text/plain": [
       "(array([0.09049486, 0.17706143, 0.24656649, 0.29066   , 0.32225823,\n",
       "        0.67661156, 0.99963275, 1.41225282, 5.09480669]),\n",
       " array([[ 0.2095097 ,  0.60084683, -0.24944853, -0.22314115, -0.52928629,\n",
       "         -0.13259014,  0.06293969,  0.15933423, -0.39496748],\n",
       "        [-0.13324593, -0.34516835,  0.23789059,  0.12271081, -0.28539159,\n",
       "         -0.09358738,  0.28952904,  0.78480548, -0.03874003],\n",
       "        [ 0.03493852, -0.13793226, -0.70870831,  0.17352517, -0.20195048,\n",
       "          0.37061804,  0.37577519, -0.01727191,  0.35739124],\n",
       "        [-0.0509883 , -0.26137766, -0.1452171 , -0.60903282,  0.32484834,\n",
       "         -0.14258003,  0.54077328, -0.09903775, -0.33011091],\n",
       "        [ 0.7396366 , -0.25703455,  0.1575975 ,  0.30544106,  0.01814215,\n",
       "          0.27041016,  0.12157607, -0.10927444, -0.41056948],\n",
       "        [-0.43551683, -0.35174866,  0.09250997,  0.09741367, -0.56840364,\n",
       "          0.04122549, -0.01414295, -0.48475028, -0.32952293],\n",
       "        [-0.2579152 ,  0.0756585 ,  0.01385706, -0.2377602 ,  0.13398075,\n",
       "          0.80500226, -0.25020012,  0.24532393, -0.28682783],\n",
       "        [-0.36203419,  0.3281698 , -0.10117421,  0.60744916,  0.36420062,\n",
       "         -0.06881369,  0.31183433,  0.00880204, -0.3838093 ],\n",
       "        [ 0.01429993, -0.35956196, -0.56036124,  0.07622379,  0.1345082 ,\n",
       "         -0.29730339, -0.55113273,  0.20347266, -0.31474712]]))"
      ]
     },
     "execution_count": 5,
     "metadata": {},
     "output_type": "execute_result"
    }
   ],
   "source": [
    "# Step 3: Eigendecomposition (numpy only)\n",
    "eigenvalues, eigenvectors = np.linalg.eigh(cov_matrix)\n",
    "print('Eigenvalues:\\n', np.round(eigenvalues, 4))\n",
    "print('\\nEigenvectors (columns) shape:', eigenvectors.shape)\n",
    "eigenvalues, eigenvectors"
   ]
  },
  {
   "cell_type": "markdown",
   "id": "58d3d85a",
   "metadata": {},
   "source": [
    "### Step 4: Sort Principal Components\n",
    "`eigh` returns eigenvalues in *ascending* order, so we sort them **descending**: the larger the eigenvalue, the more variance (information) that component holds. We also compute the explained-variance ratio, used in Step 5 to choose the number of components."
   ]
  },
  {
   "cell_type": "code",
   "execution_count": 6,
   "id": "7850939c",
   "metadata": {
    "execution": {
     "iopub.execute_input": "2026-06-12T09:20:04.599055Z",
     "iopub.status.busy": "2026-06-12T09:20:04.598923Z",
     "iopub.status.idle": "2026-06-12T09:20:04.603756Z",
     "shell.execute_reply": "2026-06-12T09:20:04.603220Z"
    }
   },
   "outputs": [
    {
     "name": "stdout",
     "output_type": "stream",
     "text": [
      "Sorted eigenvalues:         [5.0948 1.4123 0.9996 0.6766 0.3223 0.2907 0.2466 0.1771 0.0905]\n",
      "Explained variance ratio:   [0.5472 0.1517 0.1074 0.0727 0.0346 0.0312 0.0265 0.019  0.0097]\n",
      "Cumulative variance:        [0.5472 0.6989 0.8063 0.8789 0.9136 0.9448 0.9713 0.9903 1.    ]\n"
     ]
    },
    {
     "data": {
      "text/plain": [
       "array([[-0.39496748,  0.15933423,  0.06293969, -0.13259014, -0.52928629,\n",
       "        -0.22314115, -0.24944853,  0.60084683,  0.2095097 ],\n",
       "       [-0.03874003,  0.78480548,  0.28952904, -0.09358738, -0.28539159,\n",
       "         0.12271081,  0.23789059, -0.34516835, -0.13324593],\n",
       "       [ 0.35739124, -0.01727191,  0.37577519,  0.37061804, -0.20195048,\n",
       "         0.17352517, -0.70870831, -0.13793226,  0.03493852],\n",
       "       [-0.33011091, -0.09903775,  0.54077328, -0.14258003,  0.32484834,\n",
       "        -0.60903282, -0.1452171 , -0.26137766, -0.0509883 ],\n",
       "       [-0.41056948, -0.10927444,  0.12157607,  0.27041016,  0.01814215,\n",
       "         0.30544106,  0.1575975 , -0.25703455,  0.7396366 ],\n",
       "       [-0.32952293, -0.48475028, -0.01414295,  0.04122549, -0.56840364,\n",
       "         0.09741367,  0.09250997, -0.35174866, -0.43551683],\n",
       "       [-0.28682783,  0.24532393, -0.25020012,  0.80500226,  0.13398075,\n",
       "        -0.2377602 ,  0.01385706,  0.0756585 , -0.2579152 ],\n",
       "       [-0.3838093 ,  0.00880204,  0.31183433, -0.06881369,  0.36420062,\n",
       "         0.60744916, -0.10117421,  0.3281698 , -0.36203419],\n",
       "       [-0.31474712,  0.20347266, -0.55113273, -0.29730339,  0.1345082 ,\n",
       "         0.07622379, -0.56036124, -0.35956196,  0.01429993]])"
      ]
     },
     "execution_count": 6,
     "metadata": {},
     "output_type": "execute_result"
    }
   ],
   "source": [
    "# Step 4: Sort eigenvalues (and matching eigenvectors) in descending order\n",
    "sorted_indices = np.argsort(eigenvalues)[::-1]\n",
    "sorted_eigenvalues  = eigenvalues[sorted_indices]\n",
    "sorted_eigenvectors = eigenvectors[:, sorted_indices]\n",
    "\n",
    "# Explained variance ratio + cumulative\n",
    "explained_variance_ratio = sorted_eigenvalues / np.sum(sorted_eigenvalues)\n",
    "cumulative_variance = np.cumsum(explained_variance_ratio)\n",
    "\n",
    "print('Sorted eigenvalues:        ', np.round(sorted_eigenvalues, 4))\n",
    "print('Explained variance ratio:  ', np.round(explained_variance_ratio, 4))\n",
    "print('Cumulative variance:       ', np.round(cumulative_variance, 4))\n",
    "sorted_eigenvectors"
   ]
  },
  {
   "cell_type": "markdown",
   "id": "3abf788e",
   "metadata": {},
   "source": [
    "### Step 5: Project Data onto Principal Components\n",
    "We **dynamically** select the smallest number of components whose **cumulative explained variance** reaches a threshold (90%), then project the standardized data onto those components."
   ]
  },
  {
   "cell_type": "code",
   "execution_count": 7,
   "id": "08c25f31",
   "metadata": {
    "execution": {
     "iopub.execute_input": "2026-06-12T09:20:04.605220Z",
     "iopub.status.busy": "2026-06-12T09:20:04.605087Z",
     "iopub.status.idle": "2026-06-12T09:20:04.609306Z",
     "shell.execute_reply": "2026-06-12T09:20:04.608848Z"
    }
   },
   "outputs": [
    {
     "name": "stdout",
     "output_type": "stream",
     "text": [
      "Components to retain >= 90% variance: 5\n",
      "Variance actually retained: 91.36%\n",
      "Projected (reduced) data shape: (30, 5)\n"
     ]
    },
    {
     "data": {
      "text/plain": [
       "array([[ 0.62213135, -0.20100286,  1.08238895, -1.30699944, -0.74716511],\n",
       "       [-1.8183163 ,  0.26306464,  0.10857256,  0.74820278,  0.83828161],\n",
       "       [-3.60739674, -0.6716177 ,  0.20628109, -1.07646921,  0.18479911],\n",
       "       [-0.00840745,  0.33092463,  0.24406101, -0.6834956 ,  1.18174769],\n",
       "       [ 2.58131682,  0.59779086,  0.16374832,  0.82069742,  0.19107812]])"
      ]
     },
     "execution_count": 7,
     "metadata": {},
     "output_type": "execute_result"
    }
   ],
   "source": [
    "# Step 5: Dynamically choose number of components, then project\n",
    "variance_threshold = 0.90\n",
    "num_components = int(np.argmax(cumulative_variance >= variance_threshold) + 1)\n",
    "print(f'Components to retain >= {variance_threshold:.0%} variance: {num_components}')\n",
    "print(f'Variance actually retained: {cumulative_variance[num_components-1]:.2%}')\n",
    "\n",
    "# Projection: standardized data onto the top-k eigenvectors\n",
    "reduced_data = standardized_data @ sorted_eigenvectors[:, :num_components]\n",
    "print('Projected (reduced) data shape:', reduced_data.shape)\n",
    "reduced_data[:5]"
   ]
  },
  {
   "cell_type": "markdown",
   "id": "55d2e143",
   "metadata": {},
   "source": [
    "### Step 6: Output the Reduced Data"
   ]
  },
  {
   "cell_type": "code",
   "execution_count": 8,
   "id": "f54d7424",
   "metadata": {
    "execution": {
     "iopub.execute_input": "2026-06-12T09:20:04.610772Z",
     "iopub.status.busy": "2026-06-12T09:20:04.610672Z",
     "iopub.status.idle": "2026-06-12T09:20:04.613606Z",
     "shell.execute_reply": "2026-06-12T09:20:04.613030Z"
    }
   },
   "outputs": [
    {
     "name": "stdout",
     "output_type": "stream",
     "text": [
      "Original Data Shape: (30, 9)\n",
      "Reduced  Data Shape: (30, 5)\n"
     ]
    },
    {
     "data": {
      "text/plain": [
       "array([[ 0.62213135, -0.20100286,  1.08238895, -1.30699944, -0.74716511],\n",
       "       [-1.8183163 ,  0.26306464,  0.10857256,  0.74820278,  0.83828161],\n",
       "       [-3.60739674, -0.6716177 ,  0.20628109, -1.07646921,  0.18479911],\n",
       "       [-0.00840745,  0.33092463,  0.24406101, -0.6834956 ,  1.18174769],\n",
       "       [ 2.58131682,  0.59779086,  0.16374832,  0.82069742,  0.19107812]])"
      ]
     },
     "execution_count": 8,
     "metadata": {},
     "output_type": "execute_result"
    }
   ],
   "source": [
    "# Step 6: Output the reduced data\n",
    "print(f'Original Data Shape: {standardized_data.shape}')\n",
    "print(f'Reduced  Data Shape: {reduced_data.shape}')\n",
    "reduced_data[:5]"
   ]
  },
  {
   "cell_type": "markdown",
   "id": "4d2bca9f",
   "metadata": {},
   "source": [
    "### Step 7: Visualize Before and After PCA\n",
    "Left: two original standardized features. Centre: the data in the new PC1–PC2 space. Right: a scree / cumulative-variance plot justifying the component count."
   ]
  },
  {
   "cell_type": "code",
   "execution_count": 9,
   "id": "72e058d7",
   "metadata": {
    "execution": {
     "iopub.execute_input": "2026-06-12T09:20:04.614969Z",
     "iopub.status.busy": "2026-06-12T09:20:04.614868Z",
     "iopub.status.idle": "2026-06-12T09:20:05.471949Z",
     "shell.execute_reply": "2026-06-12T09:20:05.471454Z"
    }
   },
   "outputs": [
    {
     "data": {
